Best parameters: {'colsample_bytree': 0.8, 'learning_rate': 0.05, 'max_depth': 6, 'n_estimators': 400, 'subsample': 0.8}
Best CV score (neg MSE): -900613.2925762058
RMSE: 814.1745054846072
MAE: 577.0780822153561
MSE: 662880.1253811046
R2: 0.8775846590791379
MAPE: 0.14274851006397798
