RMSE: 1518.1368332962543
MAE: 1132.2477402222842
MSE: 2304739.4446107787
R2: 0.5743793575292652
MAPE: 0.2796305241979416
