Best parameters: {'learning_rate': 0.05, 'max_depth': 7, 'max_features': 'sqrt', 'n_estimators': 400, 'subsample': 0.6}
Best CV score (neg MSE): -873014.3470846576
RMSE: 814.2311289664468
MAE: 588.4895532450984
MSE: 662972.3313779745
R2: 0.8775676312212951
MAPE: 0.14383696471953397
